918	
918	
918	
917	
501	
501	
501	
501	
501	
500	
500	
500	
500	
500	
500	
499	
499	
499	
499	
499	
499	
499	
499	
499	
499	
499	
499	
499	
499	
498	
498	
498	
498	
498	
498	
498	
498	
498	
498	
497	
497	
497	
497	
497	
497	
497	
497	
497	
497	
497	
497	
497	
497	
497	
497	
497	
496	
496	
496	
496	
496	
496	
496	
496	
496	
496	
496	
496	
496	
496	
496	
496	
496	
496	
495	
495	
495	
495	
495	
495	
495	
495	
495	
495	
495	
495	
495	
495	
495	
495	
495	
495	
495	
495	
495	
495	
495	
495	
495	
495	
495	
495	
495	
495	
495	
495	
495	
495	
495	
495	
494	
494	
494	
494	
494	
494	
494	
494	
494	
494	
494	
494	
494	
494	
494	
494	
494	
494	
494	
494	
494	
494	
494	
493	
493	
493	
493	
493	
493	
493	
493	
493	
493	
493	
493	
493	
493	
493	
493	
493	
493	
493	
493	
493	
493	
493	
493	
493	
493	
493	
493	
493	
493	
493	
493	
493	
493	
493	
493	
493	
493	
493	
492	
492	
492	
492	
492	
492	
492	
492	
492	
492	
492	
492	
492	
492	
492	
492	
492	
492	
492	
492	
492	
492	
492	
492	
492	
492	
492	
491	
491	
491	
491	
491	
491	
491	
491	
491	
491	
491	
491	
491	
491	
491	
491	
491	
491	
491	
491	
491	
491	
491	
491	
491	
491	
491	
491	
490	
490	
490	
490	
490	
490	
490	
490	
490	
490	
490	
490	
490	
490	
490	
490	
490	
490	
490	
490	
490	
490	
490	
490	
490	
490	
490	
490	
490	
490	
490	
489	
489	
489	
489	
489	
489	
489	
489	
489	
489	
489	
488	
488	
488	
488	
488	
488	
488	
488	
488	
488	
488	
488	
488	
487	
487	
487	
487	
487	
487	
487	
487	
487	
487	
487	
487	
487	
487	
487	
487	
487	
487	
487	
486	
486	
486	
486	
486	
486	
486	
486	
486	
486	
486	
486	
485	
485	
485	
485	
485	
485	
485	
485	
485	
485	
485	
485	
485	
485	
485	
485	
485	
485	
485	
485	
485	
485	
485	
485	
485	
485	
485	
485	
485	
485	
484	
484	
484	
484	
484	
484	
484	
484	
484	
484	
484	
484	
483	
483	
483	
483	
483	
483	
483	
483	
483	
483	
483	
483	
483	
483	
483	
483	
483	
483	
483	
483	
483	
483	
482	
482	
482	
482	
482	
482	
482	
482	
482	
482	
482	
482	
482	
481	
481	
481	
481	
481	
481	
481	
481	
481	
481	
480	
480	
480	
479	
479	
479	
479	
479	
479	
479	
479	
479	
479	
479	
479	
479	
478	
478	
478	
478	
478	
477	
477	
477	
477	
476	
476	
476	
476	
475	
475	
475	
475	
475	
474	
474	
473	
473	
472	
471	
470	
383	
382	
375	
363	
355	
342	
325	
309	
300	
283	
273	
258	
233	
214	
193	
165	
143	
109	
79	
79	
75	
73	
66	
58	
48	
44	
44	
44	
43	
43	
43	
43	
43	
42	
42	
42	
41	
41	
41	
41	
40	
40	
40	
40	
40	
39	
39	
38	
38	
38	
38	
37	
36	
36	
36	
35	
35	
34	
33	
33	
33	
31	
29	
29	
29	
28	
28	
28	
27	
23	
22	
22	
22	
21	
21	
20	
20	
20	
19	
19	
19	
19	
19	
18	
18	
18	
18	
18	
17	
17	
16	
15	
15	
14	
14	
13	
12	
11	
11	
11	
10	
9	
9	
8	
7	
7	
5	
4	
4	
3	
3	
2	
2	
1	
1	
0	
0	
0	
0	
0	
0	
0	
0	
0	
0	
0	
0	
0	
0	
0	
0	
0	
0	
0	
0	
0	
0	
0	
0	
0	
0	
0	
0	
0	
0	
0	
0	
0	
0	
0	
0	
0	
0	
0	
0	
0	
0	
0	
0	
0	
0	
0	
0	
0	
0	
0	
0	
0	
0	
0	
0	
0	
0	
0	
0	
0	
0	
0	
0	
0	
0	
0	
0	
0	
0	
0	
0	
0	
0	
0	
0	
0	
0	
0	
0	
0	
0	
0	
0	
0	
0	
0	
0	
0	
0	
0	
0	
0	
0	
0	
0	
0	
0	
0	
0	
0	
0	
0	
0	
0	
0	
0	
0	
0	
0	
0	
0	
0	
0	
0	
0	
0	
0	
0	
0	
0	
0	
0	
0	
0	
0	
0	
0	
0	
0	
0	
0	
0	
0	
0	
0	
0	
0	
0	
0	
0	
0	
0	
0	
0	
0	
0	
0	
0	
0	
0	
0	
0	
0	
0	
0	
0	
0	
0	
0	
0	
0	
0	
0	
0	
0	
0	
0	
0	
0	
0	
0	
0	
0	
0	
0	
0	
0	
0	
0	
0	
0	
0	
0	
0	
0	
0	
0	
0	
0	
0	
0	
0	
0	
0	
0	
0	
0	
0	
0	
0	
0	
0	
0	
0	
0	
0	
0	
0	
0	
0	
0	
0	
0	
0	
0	
0	
0	
0	
0	
0	
0	
0	
0	
0	
0	
0	
0	
0	
0	
0	
0	
0	
0	
0	
0	
0	
0	
0	
0	
0	
0	
0	
0	
0	
0	
0	
0	
0	
0	
0	
0	
0	
0	
0	
0	
0	
0	
0	
0	
0	
0	
0	
0	
0	
0	
0	
0	
0	
0	
0	
0	
0	
0	
0	
0	
0	
0	
0	
0	
0	
0	
0	
0	
0	
0	
0	
0	
0	
0	
0	
0	
0	
0	
0	
0	
0	
0	
0	
0	
0	
0	
0	
0	
0	
0	
0	
0	
0	
0	
0	
0	
0	
0	
0	
0	
0	
0	
0	
0	
0	
0	
0	
0	
0	
0	
0	
0	
0	
0	
0	
0	
0	
0	
0	
0	
0	
0	
0	
0	
0	
0	
0	
0	
0	
0	
0	
0	
0	
0	
0	
0	
0	
0	
0	
0	
0	
0	
0	
0	
0	
0	
0	
0	
0	
0	
0	
0	
0	
0	
0	
0	
0	
0	
0	
0	
