0	
0	
0	
0	
0	
0	
0	
0	
0	
0	
0	
0	
0	
0	
0	
0	
0	
0	
0	
0	
0	
0	
0	
0	
0	
0	
0	
0	
0	
0	
0	
0	
0	
0	
0	
0	
0	
0	
0	
0	
0	
0	
0	
0	
0	
0	
0	
0	
0	
0	
0	
0	
0	
0	
0	
0	
0	
0	
0	
0	
0	
0	
0	
0	
0	
0	
0	
0	
0	
0	
0	
0	
0	
0	
0	
0	
0	
0	
0	
0	
0	
0	
0	
0	
0	
0	
0	
0	
0	
0	
0	
0	
0	
0	
0	
0	
0	
0	
0	
0	
83	
89	
95	
96	
97	
96	
96	
95	
93	
91	
88	
84	
75	
35	
0	
0	
0	
0	
0	
0	
0	
0	
0	
0	
0	
0	
0	
0	
0	
0	
0	
0	
0	
0	
0	
0	
0	
0	
0	
0	
0	
0	
0	
0	
0	
0	
0	
0	
0	
0	
0	
0	
0	
0	
0	
0	
0	
0	
0	
0	
0	
0	
0	
0	
0	
0	
0	
0	
0	
0	
0	
0	
0	
0	
0	
0	
0	
0	
0	
0	
0	
0	
0	
0	
0	
0	
0	
0	
0	
0	
0	
0	
0	
0	
0	
0	
0	
0	
0	
0	
0	
0	
0	
0	
0	
0	
0	
0	
0	
0	
0	
0	
0	
0	
0	
0	
0	
0	
0	
0	
0	
0	
0	
0	
0	
0	
0	
0	
0	
0	
0	
0	
0	
0	
0	
0	
0	
0	
0	
0	
0	
0	
0	
0	
0	
0	
0	
0	
0	
0	
0	
0	
0	
0	
0	
0	
0	
0	
0	
0	
0	
0	
0	
0	
0	
0	
0	
0	
0	
0	
0	
0	
0	
0	
0	
0	
0	
0	
0	
0	
0	
0	
0	
0	
0	
0	
0	
0	
0	
0	
0	
0	
0	
0	
0	
0	
0	
0	
0	
0	
0	
0	
0	
0	
0	
0	
0	
0	
0	
0	
0	
0	
0	
0	
0	
0	
0	
0	
0	
0	
0	
0	
0	
0	
0	
0	
0	
0	
0	
0	
0	
0	
0	
0	
0	
0	
0	
0	
0	
0	
0	
0	
0	
0	
0	
0	
0	
0	
0	
0	
0	
0	
0	
0	
0	
0	
0	
0	
0	
0	
0	
0	
0	
0	
0	
0	
0	
0	
0	
0	
0	
0	
0	
0	
0	
0	
0	
0	
0	
0	
0	
0	
0	
0	
0	
0	
0	
0	
0	
0	
0	
0	
0	
0	
0	
0	
0	
0	
0	
0	
0	
0	
0	
0	
0	
0	
0	
0	
0	
0	
0	
0	
0	
0	
0	
0	
0	
0	
0	
0	
0	
0	
0	
0	
0	
0	
0	
0	
0	
0	
0	
0	
0	
0	
0	
0	
0	
0	
0	
0	
0	
0	
0	
0	
0	
0	
0	
0	
0	
0	
0	
0	
0	
0	
0	
0	
0	
0	
0	
0	
0	
0	
0	
0	
0	
0	
0	
0	
0	
0	
0	
0	
0	
0	
0	
0	
0	
0	
0	
0	
0	
0	
0	
0	
0	
0	
0	
0	
0	
0	
0	
0	
0	
0	
0	
0	
0	
0	
0	
0	
0	
0	
0	
0	
0	
0	
0	
0	
0	
0	
0	
0	
0	
0	
0	
0	
0	
0	
0	
0	
0	
0	
0	
0	
0	
0	
0	
0	
0	
0	
0	
0	
0	
0	
0	
0	
0	
0	
0	
0	
0	
0	
0	
0	
0	
0	
0	
0	
0	
0	
0	
0	
0	
0	
0	
0	
0	
0	
0	
0	
0	
0	
0	
0	
0	
0	
0	
0	
0	
0	
0	
0	
0	
0	
0	
0	
0	
0	
0	
0	
0	
0	
0	
0	
0	
0	
0	
0	
0	
0	
0	
0	
0	
0	
0	
0	
0	
0	
0	
0	
0	
0	
0	
0	
0	
0	
0	
0	
0	
0	
0	
0	
0	
0	
0	
0	
0	
0	
0	
0	
0	
0	
0	
0	
0	
0	
0	
0	
0	
0	
0	
0	
0	
0	
0	
0	
0	
0	
0	
0	
0	
0	
0	
0	
0	
0	
0	
0	
0	
0	
0	
0	
0	
0	
0	
0	
0	
0	
0	
0	
0	
0	
0	
0	
0	
0	
0	
0	
0	
0	
0	
0	
0	
0	
0	
0	
0	
0	
0	
0	
0	
0	
0	
0	
0	
0	
0	
0	
0	
0	
0	
0	
0	
0	
0	
0	
0	
0	
0	
0	
0	
0	
0	
0	
0	
0	
0	
0	
0	
0	
0	
0	
0	
0	
0	
0	
0	
0	
0	
0	
0	
0	
0	
0	
0	
0	
0	
0	
0	
0	
0	
0	
0	
0	
0	
0	
0	
0	
0	
0	
0	
0	
0	
0	
0	
0	
0	
0	
0	
0	
0	
0	
0	
0	
0	
0	
0	
0	
0	
0	
0	
0	
0	
0	
0	
0	
0	
0	
0	
0	
0	
0	
0	
0	
0	
0	
0	
0	
0	
0	
0	
0	
0	
0	
0	
0	
0	
0	
0	
0	
0	
0	
0	
0	
0	
0	
0	
0	
0	
0	
0	
0	
0	
0	
0	
0	
0	
0	
0	
0	
0	
0	
0	
0	
0	
0	
0	
0	
0	
0	
0	
0	
0	
0	
0	
0	
0	
0	
0	
0	
0	
0	
0	
0	
0	
0	
0	
0	
0	
0	
0	
0	
0	
0	
0	
0	
0	
0	
0	
0	
0	
0	
0	
0	
0	
0	
0	
0	
0	
0	
0	
0	
0	
0	
0	
0	
0	
0	
0	
0	
0	
0	
0	
0	
0	
0	
8	
7	
2	
4	
2	
13	
12	
13	
11	
1	
0	
1	
5	
6	
5	
5	
2	
2	
2	
2	
2	
2	
1	
3	
24	
24	
25	
25	
24	
24	
26	
25	
25	
25	
26	
27	
29	
28	
30	
31	
34	
35	
35	
35	
34	
34	
34	
34	
34	
34	
34	
33	
32	
33	
33	
32	
34	
34	
13	
13	
14	
13	
14	
13	
13	
13	
12	
12	
11	
11	
10	
1	
0	
1	
1	
0	
1	
1	
1	
1	
1	
1	
1	
1	
1	
1	
1	
0	
1	
1	
1	
0	
1	
1	
0	
2	
1	
0	
0	
1	
1	
1	
0	
1	
1	
1	
0	
1	
1	
0	
1	
0	
1	
1	
0	
1	
1	
0	
1	
1	
0	
1	
1	
0	
1	
1	
0	
1	
0	
1	
0	
0	
0	
0	
0	
0	
0	
0	
0	
0	
0	
0	
1	
0	
1	
0	
2	
3	
3	
4	
3	
4	
4	
4	
4	
4	
4	
4	
3	
4	
4	
0	
1	
0	
0	
1	
0	
1	
0	
1	
0	
1	
0	
1	
0	
0	
0	
0	
0	
0	
0	
1	
0	
0	
0	
0	
1	
0	
0	
0	
0	
0	
0	
0	
0	
0	
0	
0	
0	
0	
0	
0	
0	
0	
0	
0	
0	
0	
0	
0	
0	
0	
0	
0	
0	
0	
0	
0	
0	
0	
0	
0	
0	
0	
0	
0	
0	
0	
0	
0	
0	
0	
0	
0	
67	
66	
65	
65	
63	
62	
61	
62	
62	
61	
61	
61	
61	
61	
61	
60	
60	
61	
61	
61	
61	
60	
60	
60	
60	
61	
61	
60	
61	
61	
61	
61	
63	
62	
62	
62	
62	
61	
61	
62	
62	
62	
62	
64	
65	
66	
66	
0	
0	
0	
0	
0	
0	
0	
0	
0	
0	
0	
0	
0	
0	
0	
0	
0	
0	
0	
0	
0	
0	
0	
0	
0	
0	
0	
0	
0	
0	
0	
0	
0	
0	
0	
0	
7	
7	
7	
7	
7	
8	
8	
8	
8	
8	
8	
8	
8	
8	
9	
8	
8	
8	
9	
9	
9	
9	
8	
8	
8	
8	
7	
8	
8	
8	
7	
7	
7	
6	
4	
6	
5	
372	
375	
375	
376	
376	
376	
377	
377	
377	
371	
372	
372	
373	
373	
373	
373	
373	
374	
374	
375	
374	
374	
374	
375	
375	
375	
374	
374	
375	
376	
377	
381	
381	
381	
381	
382	
382	
382	
382	
381	
382	
382	
382	
382	
379	
378	
379	
379	
380	
380	
380	
380	
379	
378	
376	
375	
8	
8	
8	
9	
10	
10	
9	
9	
9	
9	
9	
8	
9	
8	
9	
9	
9	
9	
9	
8	
8	
8	
7	
6	
6	
0	
0	
0	
0	
0	
0	
0	
0	
4	
4	
4	
0	
0	
0	
0	
0	
0	
0	
0	
0	
0	
0	
0	
0	
0	
0	
0	
0	
0	
6	
6	
6	
5	
6	
6	
0	
6	
7	
6	
6	
6	
7	
7	
7	
6	
7	
0	
0	
0	
0	
0	
0	
0	
0	
0	
0	
0	
0	
0	
0	
0	
0	
0	
0	
0	
0	
0	
0	
0	
0	
0	
0	
0	
0	
0	
0	
0	
0	
0	
0	
9	
9	
9	
9	
9	
9	
8	
8	
9	
9	
9	
8	
7	
7	
6	
6	
7	
6	
5	
506	
506	
506	
506	
505	
506	
505	
505	
505	
505	
505	
503	
503	
503	
502	
501	
503	
502	
501	
500	
498	
499	
500	
499	
499	
499	
499	
498	
497	
497	
497	
497	
496	
495	
495	
495	
495	
495	
494	
494	
493	
493	
492	
492	
492	
491	
490	
490	
490	
489	
488	
488	
487	
487	
486	
485	
484	
484	
484	
483	
483	
482	
482	
481	
480	
479	
479	
478	
478	
477	
477	
477	
476	
476	
476	
475	
475	
475	
475	
474	
473	
473	
471	
471	
471	
471	
469	
469	
469	
469	
468	
467	
466	
466	
464	
464	
464	
463	
463	
462	
461	
461	
460	
460	
459	
458	
458	
457	
456	
456	
456	
454	
454	
454	
452	
452	
451	
450	
450	
449	
448	
448	
447	
446	
446	
445	
444	
444	
442	
442	
441	
440	
440	
439	
438	
437	
436	
436	
434	
434	
432	
432	
431	
431	
430	
429	
429	
427	
427	
426	
425	
424	
423	
423	
422	
421	
420	
420	
418	
418	
417	
416	
415	
414	
414	
413	
412	
411	
411	
409	
408	
408	
408	
406	
406	
404	
404	
403	
402	
401	
400	
399	
398	
397	
396	
395	
394	
393	
392	
390	
390	
389	
387	
387	
385	
384	
383	
382	
381	
379	
379	
377	
376	
375	
373	
372	
371	
369	
369	
367	
365	
365	
363	
362	
360	
359	
357	
356	
354	
352	
351	
349	
347	
346	
344	
342	
341	
339	
337	
336	
334	
332	
330	
445	
444	
441	
438	
390	
317	
315	
314	
312	
310	
308	
305	
305	
305	
305	
