15
22
29
34
37
44
63
75
76
75
74
68
61
53
42
37
26
1
1
2
1
482
483
484
486
489
491
491
491
492
494
494
495
497
498
500
500
500
500
499
501
501
502
503
504
505
506
506
508
508
509
509
511
513
515
515
523
518
518
520
523
527
524
528
527
527
531
532
534
534
535
535
535
537
537
538
538
539
539
540
540
540
541
541
541
541
542
542
543
543
543
544
544
545
546
546
546
546
546
547
548
548
548
548
548
549
549
550
550
550
550
551
551
551
551
552
553
553
553
553
553
554
555
555
555
555
556
556
556
556
556
557
558
558
558
558
558
559
559
559
559
559
559
561
561
561
561
561
561
561
562
563
563
563
563
563
563
563
563
563
563
564
564
564
564
563
563
564
564
564
564
564
564
563
564
564
565
565
565
566
566
566
566
566
565
565
565
565
565
565
565
566
566
566
566
566
566
566
566
566
566
566
566
566
566
566
566
566
566
565
565
565
566
565
566
566
565
566
565
565
567
567
567
566
566
565
565
565
565
565
565
565
565
566
566
566
566
566
566
566
566
566
566
566
566
565
565
565
565
564
564
565
565
565
564
565
564
564
564
564
564
564
564
564
564
564
562
562
562
562
561
561
562
562
561
560
560
560
560
560
560
559
559
560
559
559
558
559
558
558
558
557
558
558
558
558
558
558
556
556
557
557
556
556
556
555
555
555
555
554
554
554
553
553
553
552
552
551
550
549
550
549
550
547
547
548
548
548
548
548
547
547
547
546
546
546
546
545
543
544
544
544
543
543
543
542
542
542
542
542
542
540
540
540
540
539
538
538
538
538
538
537
537
537
537
535
535
535
534
534
533
533
533
532
532
531
531
531
530
530
529
529
528
529
528
527
527
527
526
526
526
526
524
524
524
523
523
521
521
521
520
520
520
519
519
518
518
517
517
516
516
516
515
514
514
514
514
512
512
512
511
510
510
509
509
508
508
508
506
506
506
506
505
504
503
503
503
502
501
501
500
499
499
498
497
497
497
495
495
495
494
492
492
491
491
490
490
490
489
489
487
488
487
487
486
486
484
484
483
482
482
481
480
480
479
478
478
476
476
476
476
474
474
471
470
468
468
467
466
466
464
464
462
462
461
461
460
460
460
460
458
457
456
456
455
453
454
452
451
451
449
448
447
447
447
445
443
443
441
441
441
439
438
438
436
436
434
434
434
432
432
430
430
428
428
427
425
425
424
423
422
421
419
419
417
417
415
415
413
415
411
409
409
408
407
405
404
407
405
405
404
402
402
400
394
394
392
391
394
388
387
385
385
383
382
380
383
377
375
374
373
371
373
369
370
368
364
362
364
359
357
356
354
352
351
349
348
346
344
343
346
345
337
335
338
336
332
336
